[header]
width=192
height=32
tilewidth=64
tileheight=64

[tilesets]
tileset=spriteTiles.png,64,64,0,0

[layer]
type=Tile Layer 1
data=
0,0,0,0,0,0,0,0,0,0,0,0,0,0,0,0,0,0,0,0,0,0,0,0,0,0,0,0,0,0,0,0,0,0,0,0,0,0,0,0,0,0,0,0,0,0,0,0,0,0,0,0,0,0,0,0,0,0,0,0,0,0,0,0,0,0,0,0,0,0,0,0,0,0,0,0,0,0,0,0,0,0,0,0,0,0,0,0,0,0,0,0,0,0,0,0,0,0,0,0,0,0,0,0,0,0,0,0,0,0,0,0,0,0,0,0,0,0,0,0,0,0,0,0,0,0,0,0,0,0,0,0,0,0,0,0,0,0,0,0,0,0,0,0,0,0,0,0,0,0,0,0,0,0,0,0,0,0,0,0,0,0,0,0,0,0,0,0,0,0,0,0,0,0,0,0,0,0,0,0,0,0,0,0,0,0,0,0,0,0,73,59,
0,0,0,0,0,0,0,0,0,0,0,0,0,0,0,0,0,0,0,0,0,0,0,0,0,0,0,0,0,0,0,0,0,0,0,0,0,0,0,0,0,0,0,0,0,0,0,0,0,0,0,0,0,0,0,0,0,0,0,0,0,0,0,0,0,0,0,0,0,0,0,0,0,0,0,0,0,0,0,0,0,0,0,0,0,0,0,0,0,0,0,0,0,0,0,0,0,0,0,0,0,0,0,0,0,0,0,0,0,0,0,0,0,0,0,0,0,0,0,0,0,0,0,0,0,0,0,0,0,0,0,0,0,0,0,0,0,0,0,0,0,0,0,0,0,0,0,0,0,0,0,0,0,0,0,0,0,0,0,0,0,0,0,0,0,0,0,0,0,0,0,0,0,0,0,0,0,0,0,0,0,0,0,0,0,0,0,0,0,0,171,171,
0,0,0,0,0,0,0,0,0,0,0,0,0,0,0,0,0,0,0,0,0,0,0,0,0,0,0,0,0,0,0,0,0,0,0,0,0,0,0,0,0,0,0,0,0,0,0,0,0,0,0,0,0,0,0,0,0,0,0,0,0,0,0,0,0,0,0,0,0,0,0,0,0,0,0,0,0,0,0,0,0,0,0,0,0,0,0,0,0,0,0,0,0,0,0,0,0,0,0,0,0,0,0,0,0,0,0,0,0,0,0,0,0,0,0,0,0,0,0,0,0,0,0,0,0,0,0,0,0,0,0,0,0,0,0,0,0,0,0,0,0,0,0,0,0,0,0,0,0,0,0,0,0,0,0,0,0,0,0,0,0,0,0,0,0,0,0,0,0,0,0,0,0,0,0,0,0,0,0,0,0,0,0,0,0,0,0,0,0,0,171,171,
0,0,0,0,0,0,0,0,0,0,0,0,0,0,0,0,0,0,0,0,0,0,0,0,0,0,0,0,0,0,0,0,0,0,0,0,0,0,0,0,0,0,0,0,0,0,0,0,0,0,0,0,0,0,0,0,0,0,0,0,0,0,0,0,0,0,0,0,0,0,0,0,0,0,0,0,0,0,0,0,0,0,0,0,0,0,0,0,0,0,0,0,0,0,0,0,0,0,0,0,0,0,0,0,0,0,0,0,0,0,0,0,0,0,0,0,0,0,0,0,0,0,0,0,0,0,0,0,0,0,0,0,0,0,0,0,0,0,0,0,0,0,0,0,0,0,0,0,0,0,0,0,0,0,0,0,0,0,0,0,0,0,0,0,0,0,0,0,0,0,0,0,0,0,0,0,0,0,0,0,0,0,0,0,0,0,0,0,0,0,18,171,
0,0,0,0,0,0,0,0,0,0,0,0,0,0,0,0,0,0,0,0,0,0,0,0,0,0,0,0,0,0,0,0,0,0,0,0,0,0,0,0,0,0,0,0,0,0,0,0,0,0,0,0,0,0,0,0,0,0,0,0,0,0,0,0,0,0,0,0,0,0,0,0,0,0,0,0,0,0,0,0,0,0,0,0,0,0,0,0,0,0,0,0,0,0,0,0,0,0,0,0,0,0,0,0,0,0,0,0,0,0,0,0,0,0,0,0,0,0,0,0,0,0,0,0,0,0,0,0,0,0,0,0,0,0,0,0,0,0,0,0,0,0,0,0,0,0,0,0,0,0,0,0,0,0,0,0,0,0,0,0,0,0,0,0,0,0,0,0,0,0,0,0,0,0,0,0,0,0,0,0,0,0,0,0,0,0,0,0,0,0,171,171,
0,0,0,0,0,0,0,0,0,0,0,0,0,0,0,0,0,0,0,0,0,0,0,0,0,0,0,0,0,0,0,0,0,0,0,0,0,0,0,0,0,0,0,0,0,0,0,0,0,0,0,0,0,0,0,0,0,0,0,0,0,0,0,0,0,0,0,0,0,0,0,0,0,0,0,0,0,0,0,0,0,0,0,0,0,0,0,0,0,0,0,0,0,0,0,0,0,0,0,0,0,0,0,0,0,0,0,0,0,0,0,0,0,0,0,0,0,0,0,0,0,0,0,0,0,0,0,0,0,0,0,0,0,0,0,0,0,0,0,0,0,0,0,0,0,0,0,0,0,0,0,0,0,0,0,0,0,0,0,0,0,0,0,0,0,0,0,0,0,0,0,0,0,0,0,0,0,0,0,0,0,0,73,59,0,0,0,0,0,0,0,0,
0,0,0,0,0,0,0,0,0,0,0,0,0,0,0,0,0,0,0,0,0,0,0,0,0,0,0,0,0,0,0,0,0,0,0,0,0,0,0,0,0,0,0,0,0,0,0,0,0,0,0,0,0,0,0,0,0,0,0,0,0,0,0,0,0,0,0,0,0,0,0,0,0,0,0,0,0,0,0,0,0,0,0,0,0,0,0,0,0,0,0,0,0,0,0,0,0,0,0,0,0,0,0,0,0,0,0,0,0,0,0,0,157,0,0,0,0,0,0,0,0,0,0,0,0,0,0,0,0,0,0,0,0,0,0,0,0,0,0,0,0,0,0,0,0,0,0,0,0,0,0,0,0,0,0,0,0,0,0,0,0,0,0,0,0,0,0,0,0,0,0,0,0,0,0,0,0,0,0,0,0,0,171,171,0,0,0,0,0,0,0,0,
0,0,0,0,0,0,0,0,0,0,0,0,0,0,0,0,0,0,0,0,0,0,0,0,0,0,0,0,0,0,0,0,0,0,0,0,0,0,0,0,0,0,0,0,0,0,0,0,0,0,0,0,0,0,0,0,0,0,0,0,0,0,0,0,0,0,0,0,0,0,0,0,0,0,0,0,0,0,0,0,0,0,0,0,0,0,0,0,0,0,0,0,0,0,0,0,0,0,0,0,0,0,0,0,0,0,0,0,0,0,0,0,0,0,0,0,0,0,0,0,0,0,0,0,0,0,0,0,0,0,0,0,0,0,0,0,0,0,0,0,0,0,0,0,0,0,0,0,0,0,0,0,0,0,0,0,0,0,0,0,0,0,0,0,0,0,0,0,0,0,0,0,0,0,0,0,73,87,87,87,87,87,171,171,87,87,87,87,87,87,87,87,
0,0,0,0,0,0,0,0,0,0,0,0,0,0,0,0,0,0,0,0,0,0,0,0,0,0,0,0,0,0,0,0,0,0,0,0,0,0,0,0,0,0,0,0,0,0,0,0,0,0,0,0,0,0,0,0,0,0,0,0,0,0,0,0,0,0,0,0,0,0,0,0,0,0,0,0,0,0,0,0,0,0,0,0,0,0,0,0,0,0,0,0,0,0,0,0,0,0,0,0,0,0,0,0,0,0,0,0,0,0,0,0,0,0,0,0,0,0,0,0,0,0,0,0,0,0,0,0,0,0,0,0,0,0,0,0,0,0,0,0,0,0,0,0,0,0,0,0,0,0,0,0,0,0,0,0,0,0,0,0,0,0,0,0,0,0,0,0,0,0,0,0,0,0,0,0,171,171,171,171,171,171,171,171,171,171,171,171,171,171,171,171,
0,0,0,0,0,0,0,0,0,0,0,0,0,0,0,0,0,0,0,0,0,0,0,0,0,0,0,0,0,0,0,0,0,0,0,0,0,0,0,0,0,0,0,0,0,0,0,0,0,0,0,0,0,0,0,0,0,0,0,0,0,0,0,0,0,0,0,0,0,0,0,0,0,0,0,0,0,0,0,0,0,0,0,0,0,0,0,0,0,0,0,0,0,0,0,0,0,0,0,0,0,0,0,0,74,87,87,87,87,87,60,0,0,0,0,0,0,0,0,0,0,0,0,0,0,0,0,0,0,0,0,0,0,0,0,0,0,0,0,0,0,0,0,0,0,0,0,0,0,0,0,0,0,0,0,0,0,0,0,0,0,0,0,0,0,0,0,0,0,0,0,74,87,60,0,0,171,171,171,171,171,171,171,171,171,171,171,171,171,171,171,171,
0,0,0,0,0,0,0,0,0,0,0,0,0,0,0,0,0,0,0,0,0,0,0,0,0,0,0,0,0,0,0,0,0,0,0,0,0,0,0,0,0,0,0,0,0,0,0,0,0,0,0,0,0,0,0,0,0,0,0,0,0,0,0,0,0,0,0,0,0,0,0,0,0,0,0,0,0,0,0,0,0,0,0,0,0,0,0,0,0,0,0,0,0,0,0,0,0,0,0,0,0,0,0,0,0,0,0,0,0,0,0,0,0,0,0,0,0,0,0,0,0,0,0,0,0,0,0,0,0,0,0,0,0,0,0,0,0,0,0,0,0,0,0,0,0,0,0,0,0,0,0,0,0,0,0,0,0,0,0,0,0,0,0,0,0,0,0,0,0,0,0,0,0,0,0,0,171,171,171,171,171,171,171,171,171,171,171,171,171,171,171,171,
0,0,0,0,0,0,0,0,0,0,0,0,0,0,0,0,0,0,0,0,0,0,0,0,0,0,0,0,0,0,0,0,0,0,0,0,0,0,0,0,0,0,0,0,0,0,0,0,0,0,0,0,0,0,0,0,0,0,0,0,0,0,0,0,0,0,0,0,0,0,0,0,0,0,0,0,0,0,0,0,0,0,0,0,0,0,0,0,0,0,0,0,0,0,0,0,0,0,0,0,0,0,0,0,0,0,0,0,0,0,0,0,0,0,0,0,0,0,0,0,0,0,0,0,0,0,0,0,0,0,0,0,0,0,0,0,0,0,0,0,0,0,0,0,0,0,0,0,0,0,0,0,0,0,0,0,0,0,0,0,0,0,0,0,0,0,0,0,0,0,0,0,0,0,0,0,171,171,171,171,171,171,171,171,171,171,171,171,171,171,171,171,
73,59,0,0,0,0,0,0,0,0,0,0,0,0,0,0,0,0,0,0,0,0,0,0,0,0,0,0,0,0,0,0,0,0,0,0,0,0,0,0,0,0,0,0,0,0,0,0,0,0,0,0,0,0,0,0,0,0,0,0,0,0,0,0,0,0,0,73,87,87,87,87,87,87,87,87,87,87,87,87,87,87,87,87,87,59,0,0,0,0,0,0,0,0,0,0,0,0,0,0,0,87,87,0,0,0,0,0,0,0,0,0,0,0,0,0,0,0,0,0,0,0,0,0,0,0,0,0,0,0,0,0,0,0,0,0,0,0,0,0,0,0,0,0,0,0,0,0,0,0,0,0,0,0,0,0,0,0,0,0,0,0,0,0,0,0,0,74,87,60,0,0,0,0,0,0,171,171,171,171,171,171,171,171,171,171,171,171,171,171,171,171,
171,171,0,0,0,0,0,0,0,0,0,0,0,0,0,0,0,0,0,0,0,0,0,0,0,0,0,0,0,0,0,0,0,0,0,0,0,0,0,0,0,0,0,0,0,0,0,0,0,0,0,0,0,0,0,0,0,0,0,0,0,0,0,0,0,0,0,171,171,171,171,171,171,171,171,171,171,171,171,171,171,171,171,171,171,171,0,0,0,0,0,0,0,0,0,0,0,0,0,0,0,171,171,0,0,0,0,0,0,0,0,0,0,0,0,0,0,0,0,0,0,0,0,0,0,0,0,0,0,0,0,0,0,0,0,0,0,0,0,0,0,0,0,0,0,0,0,0,0,0,0,0,0,0,0,0,0,0,0,0,0,0,0,0,0,0,0,0,0,0,0,0,0,0,0,0,171,171,171,171,171,171,171,171,171,171,171,171,171,171,171,171,
171,171,0,0,0,0,0,0,0,0,0,0,0,0,0,0,0,0,0,0,0,0,0,0,0,0,0,0,0,0,0,0,0,0,0,0,0,0,0,0,0,0,0,0,0,0,0,0,0,0,0,0,0,0,0,0,0,0,0,0,0,0,0,0,0,0,0,171,171,171,171,171,171,171,171,171,171,171,171,171,171,171,171,171,171,171,0,0,0,0,0,0,0,0,0,0,0,0,0,87,87,171,171,87,87,0,0,0,0,0,0,0,0,0,0,0,0,0,0,0,0,0,0,0,0,0,0,0,0,0,0,0,0,0,0,0,0,0,0,0,0,0,0,0,0,0,0,0,0,0,0,0,0,0,0,0,0,0,0,0,0,0,0,0,0,0,0,0,0,0,0,0,0,0,0,0,171,171,171,171,171,171,171,171,171,171,171,171,171,171,171,171,
171,171,0,0,0,0,0,0,0,0,0,0,0,0,0,0,0,0,0,0,0,0,0,0,0,0,0,0,0,0,0,0,0,0,0,0,0,0,0,0,0,0,0,0,0,0,0,0,0,0,0,0,0,0,0,0,0,0,0,0,0,0,0,74,87,60,0,171,171,171,171,171,171,171,171,171,171,171,171,171,171,171,171,171,171,171,0,0,0,0,0,0,0,0,0,0,0,0,0,171,171,171,171,171,171,0,0,0,0,0,0,0,0,0,0,0,0,0,0,0,0,0,0,0,0,0,0,0,0,0,0,0,0,0,0,0,0,0,0,0,0,0,0,0,0,0,0,0,0,0,0,0,0,0,0,0,0,0,0,0,0,0,0,74,87,60,0,0,0,0,0,0,0,0,0,0,171,171,171,171,171,171,171,171,171,171,171,171,171,171,171,171,
171,171,0,0,0,0,0,0,0,0,0,0,0,0,0,0,0,0,0,0,0,0,0,0,0,0,0,0,0,0,0,0,0,0,0,0,0,0,0,0,0,0,0,0,0,0,0,0,0,0,0,0,0,0,0,0,0,0,0,0,0,0,0,0,0,0,0,171,171,171,171,171,171,171,171,171,171,171,171,171,171,171,171,171,171,171,0,0,0,0,0,0,0,0,0,0,0,87,87,171,171,171,171,171,171,87,87,0,0,0,0,0,0,0,0,0,0,0,0,0,0,0,0,0,0,0,0,0,87,0,0,0,0,0,0,0,0,87,0,0,0,0,0,87,0,0,0,0,0,0,0,0,87,0,0,0,0,0,0,0,0,0,0,0,0,0,0,0,0,0,0,0,0,0,0,0,171,171,171,171,171,171,171,171,171,171,171,171,171,171,171,171,
171,171,0,0,0,0,0,0,0,0,0,0,0,0,0,0,0,0,0,0,0,0,0,0,0,0,0,0,0,0,0,0,0,0,0,0,0,0,0,0,0,0,0,0,0,0,0,0,0,0,0,0,0,0,0,0,0,0,0,0,0,0,0,0,0,0,0,171,171,171,171,171,171,171,171,171,171,171,171,171,171,171,171,171,171,171,0,0,0,0,0,0,0,0,0,0,0,171,171,171,171,171,171,171,171,171,171,0,0,0,0,0,0,0,0,0,0,0,0,0,0,0,0,0,0,0,0,0,171,0,0,0,0,0,0,0,0,171,0,0,0,0,0,171,0,0,0,0,0,0,0,0,171,0,0,0,0,0,0,0,0,0,0,0,0,0,0,0,0,0,0,0,0,0,0,0,171,171,171,171,171,171,171,171,171,171,171,171,171,171,171,171,
171,171,0,0,0,0,0,0,0,0,0,0,0,0,0,0,0,0,0,0,0,0,0,0,0,0,0,0,0,74,87,87,87,87,87,87,87,87,87,87,87,60,0,0,0,0,0,0,0,0,0,0,0,0,0,0,0,0,0,74,87,60,0,0,0,0,0,171,171,171,171,171,171,171,171,171,171,171,171,171,171,171,171,171,171,171,87,87,87,87,87,87,87,87,87,87,87,171,171,171,171,171,171,171,171,171,171,87,87,87,87,87,87,87,87,87,87,87,87,87,87,87,87,87,87,87,87,87,171,87,87,87,87,87,87,87,87,171,0,0,0,0,0,171,87,87,87,87,87,87,87,87,171,87,87,87,87,87,87,87,87,59,0,0,0,0,0,0,0,0,0,0,0,0,0,0,171,171,171,171,171,171,171,171,171,171,171,171,171,171,171,171,
171,171,0,0,0,0,0,0,0,0,0,0,0,0,0,0,0,0,0,0,0,0,0,0,0,0,0,0,0,0,0,0,0,0,0,0,0,0,0,0,0,0,0,0,0,0,0,0,0,0,0,0,0,0,0,0,0,0,0,0,0,0,0,0,0,0,0,171,171,171,171,171,171,171,171,171,171,171,171,171,171,171,171,171,171,171,171,171,171,171,171,171,171,171,171,171,171,171,171,171,171,171,171,171,171,171,171,171,171,171,171,171,171,171,171,171,171,171,171,171,171,171,171,171,171,171,171,171,171,171,171,171,171,171,171,171,171,171,0,0,0,0,0,171,171,171,171,171,171,171,171,171,171,171,171,171,171,171,171,171,171,171,0,0,0,0,0,0,0,0,0,0,0,0,0,0,171,171,171,171,171,171,171,171,171,171,171,171,171,171,171,171,
171,171,0,0,0,0,0,0,0,0,0,0,0,0,87,0,0,0,0,0,0,0,87,0,0,0,0,0,0,0,0,0,0,0,0,0,0,0,0,0,0,0,0,0,0,0,0,0,0,0,87,0,0,0,0,0,0,0,0,0,0,0,0,0,0,0,0,171,171,171,171,171,171,171,171,171,171,171,171,171,171,171,171,171,171,171,171,171,171,171,171,171,171,171,171,171,171,171,171,171,171,171,171,171,171,171,171,171,171,171,171,171,171,171,171,171,171,171,171,171,171,171,171,171,171,171,171,171,171,171,171,171,171,171,171,171,171,171,0,0,0,0,0,171,171,171,171,171,171,171,171,171,171,171,171,171,171,171,171,171,171,171,0,0,0,0,0,0,0,0,0,0,0,0,0,0,171,171,171,171,171,171,171,171,171,171,171,171,171,171,171,171,
171,171,87,87,87,87,87,87,87,87,87,87,87,87,171,87,87,87,87,87,87,87,171,87,87,87,87,59,0,0,0,0,0,0,0,0,0,0,0,0,0,0,0,73,87,87,87,87,87,87,171,87,87,87,87,87,87,59,0,0,0,0,0,0,0,0,0,171,171,171,171,171,171,171,171,171,171,171,171,171,171,171,171,171,171,171,171,171,171,171,171,171,171,171,171,171,171,171,171,171,171,171,171,171,171,171,171,171,171,171,171,171,171,171,171,171,171,171,171,171,171,171,171,171,171,171,171,171,171,171,171,171,171,171,171,171,171,171,0,0,0,0,0,171,171,171,171,171,171,171,171,171,171,171,171,171,171,171,171,171,171,171,0,0,0,0,0,0,0,0,0,0,0,0,0,0,171,171,171,171,171,171,171,171,171,171,171,171,171,171,171,171,
171,171,171,171,171,171,171,171,171,171,171,171,171,171,171,171,171,171,171,171,171,171,171,171,171,171,171,171,0,0,0,0,0,0,0,0,0,0,0,0,0,0,0,171,171,171,171,171,171,171,171,171,171,171,171,171,171,171,0,0,0,0,0,0,0,0,0,171,171,171,171,171,171,171,171,171,171,171,171,171,171,171,171,171,171,171,171,171,171,171,171,171,171,171,171,171,171,171,171,171,171,171,171,171,171,171,171,171,171,171,171,171,171,171,171,171,171,171,171,171,171,171,171,171,171,171,171,171,171,171,171,171,171,171,171,171,171,171,0,0,0,0,0,171,171,171,171,171,171,171,171,171,171,171,171,171,171,171,171,171,171,171,0,0,0,0,0,0,0,0,0,0,0,0,0,0,171,171,171,171,171,171,171,171,171,171,171,171,171,171,171,171,
171,171,171,171,171,171,171,171,171,171,171,171,171,171,171,171,171,171,171,171,171,171,171,171,171,171,171,171,0,0,0,0,0,0,0,0,0,0,0,0,0,0,0,171,171,171,171,171,171,171,171,171,171,171,171,171,171,171,0,0,0,0,0,0,0,0,0,171,171,171,171,171,171,171,171,171,171,171,171,171,171,171,171,171,171,171,171,171,171,171,171,171,171,171,171,171,171,171,171,171,171,171,171,171,171,171,171,171,171,171,171,171,171,171,171,171,171,171,171,171,171,171,171,171,171,171,171,171,171,171,171,171,171,171,171,171,171,171,0,0,0,0,0,171,171,171,171,171,171,171,171,171,171,171,171,171,171,171,171,171,171,171,0,0,0,0,0,0,0,0,0,0,0,0,0,0,171,171,171,171,171,171,171,171,171,171,171,171,171,171,171,171,
171,171,171,171,171,171,171,171,171,171,171,171,171,171,171,171,171,171,171,171,171,171,171,171,171,171,171,171,0,0,0,0,0,0,0,0,0,0,0,0,0,0,0,171,171,171,171,171,171,171,171,171,171,171,171,171,171,171,0,0,0,0,0,0,0,0,0,171,171,171,171,171,171,171,171,171,171,171,171,171,171,171,171,171,171,171,171,171,171,171,171,171,171,171,171,171,171,171,171,171,171,171,171,171,171,171,171,171,171,171,171,171,171,171,171,171,171,171,171,171,171,171,171,171,171,171,171,171,171,171,171,171,171,171,171,171,171,171,0,0,0,0,0,171,171,171,171,171,171,171,171,171,171,171,171,171,171,171,171,171,171,171,0,0,0,0,0,0,0,0,0,0,0,0,0,0,171,171,171,171,171,171,171,171,171,171,171,171,171,171,171,171,
171,171,171,171,171,171,171,171,171,171,171,171,171,171,171,171,171,171,171,171,171,171,171,171,171,171,171,171,0,0,0,0,0,0,0,0,0,0,0,0,0,0,0,171,171,171,171,171,171,171,171,171,171,171,171,171,171,171,0,0,0,0,0,0,0,0,0,171,171,171,171,171,171,171,171,171,171,171,171,171,171,171,171,171,171,171,171,171,171,171,171,171,171,171,171,171,171,171,171,171,171,171,171,171,171,171,171,171,171,171,171,171,171,171,171,171,171,171,171,171,171,171,171,171,171,171,171,171,171,171,171,171,171,171,171,171,171,171,0,0,0,0,0,171,171,171,171,171,171,171,171,171,171,171,171,171,171,171,171,171,171,171,0,0,0,0,0,0,0,0,0,0,0,0,0,0,171,171,171,171,171,171,171,171,171,171,171,171,171,171,171,171,
171,171,171,171,171,171,171,171,171,171,171,171,171,171,171,171,171,171,171,171,171,171,171,171,171,171,171,171,0,0,0,0,0,0,0,0,0,0,0,0,0,0,0,171,171,171,171,171,171,171,171,171,171,171,171,171,171,171,0,0,0,0,0,0,0,0,0,171,171,171,171,171,171,171,171,171,171,171,171,171,171,171,171,171,171,171,171,171,171,171,171,171,171,171,171,171,171,171,171,171,171,171,171,171,171,171,171,171,171,171,171,171,171,171,171,171,171,171,171,171,171,171,171,171,171,171,171,171,171,171,171,171,171,171,171,171,171,171,0,0,0,0,0,171,171,171,171,171,171,171,171,171,171,171,171,171,171,171,171,171,171,171,0,0,0,0,0,0,0,0,0,0,0,0,0,0,171,171,171,171,171,171,171,171,171,171,171,171,171,171,171,171,
171,171,171,171,171,171,171,171,171,171,171,171,171,171,171,171,171,171,171,171,171,171,171,171,171,171,171,171,0,0,0,0,0,0,0,0,0,0,0,0,0,0,0,171,171,171,171,171,171,171,171,171,171,171,171,171,171,171,0,0,0,0,0,0,0,0,0,171,171,171,171,171,171,171,171,171,171,171,171,171,171,171,171,171,171,171,171,171,171,171,171,171,171,171,171,171,171,171,171,171,171,171,171,171,171,171,171,171,171,171,171,171,171,171,171,171,171,171,171,171,171,171,171,171,171,171,171,171,171,171,171,171,171,171,171,171,171,171,0,0,0,0,0,171,171,171,171,171,171,171,171,171,171,171,171,171,171,171,171,171,171,171,0,0,0,0,0,0,0,0,0,0,0,0,0,0,171,171,171,171,171,171,171,171,171,171,171,171,171,171,171,171,
18,171,171,171,171,171,171,171,171,171,171,171,171,171,171,171,171,171,171,171,171,171,171,171,171,171,171,171,0,0,0,0,0,0,0,0,0,0,0,0,0,0,0,171,171,171,171,171,171,171,171,171,171,171,171,171,171,171,0,0,0,0,0,0,0,0,0,171,171,171,171,171,171,171,171,171,171,171,171,171,171,171,171,171,171,171,171,171,171,171,171,171,171,171,171,171,171,171,171,171,171,171,171,171,171,171,171,171,171,171,171,171,171,171,171,171,171,171,171,171,171,171,171,171,171,171,171,171,171,171,171,171,171,171,171,171,171,171,0,0,0,0,0,171,171,171,171,171,171,171,171,171,171,171,171,171,171,171,171,171,171,171,0,0,0,0,0,0,0,0,0,0,0,0,0,0,171,171,171,171,171,171,171,171,171,171,171,171,171,171,171,171,
171,171,171,171,171,171,171,171,171,171,171,171,171,171,171,171,171,171,171,171,171,171,171,171,171,171,171,171,0,0,0,0,0,0,0,0,0,0,0,0,0,0,0,171,171,171,171,171,171,171,171,171,171,171,171,171,171,171,0,0,0,0,0,0,0,0,0,171,171,171,171,171,171,171,171,171,171,171,171,171,171,171,171,171,171,171,171,171,171,171,171,171,171,171,171,171,171,171,171,171,171,171,171,171,171,171,171,171,171,171,171,171,171,171,171,171,171,171,171,171,171,171,171,171,171,171,171,171,171,171,171,171,171,171,171,171,171,171,0,0,0,0,0,171,171,171,171,171,171,171,171,171,171,171,171,171,171,171,171,171,171,171,0,0,0,0,0,0,0,0,0,0,0,0,0,0,171,171,171,171,171,171,171,171,171,171,171,171,171,171,171,171,
171,171,171,171,171,171,171,171,171,171,171,171,171,171,171,171,171,171,171,171,171,171,171,171,171,171,171,171,0,0,0,0,0,0,0,0,0,0,0,0,0,0,0,171,171,171,171,171,171,171,171,171,171,171,171,171,171,171,0,0,0,0,0,0,0,0,0,171,171,171,171,171,171,171,171,171,171,171,171,171,171,171,171,171,171,171,171,171,171,171,171,171,171,171,171,171,171,171,171,171,171,171,171,171,171,171,171,171,171,171,171,171,171,171,171,171,171,171,171,171,171,171,171,171,171,171,171,171,171,171,171,171,171,171,171,171,171,171,0,0,0,0,0,171,171,171,171,171,171,171,171,171,171,171,171,171,171,171,171,171,171,171,0,0,0,0,0,0,0,0,0,0,0,0,0,0,171,171,171,171,171,171,171,171,171,171,171,171,171,171,171,171,
171,171,171,171,171,171,171,171,171,171,171,171,171,171,171,171,171,171,171,171,171,171,171,171,171,171,171,171,0,0,0,0,0,0,0,0,0,0,0,0,0,0,0,171,171,171,171,171,171,171,171,171,171,171,171,171,171,171,0,0,0,0,0,0,0,0,0,171,171,171,171,171,171,171,171,171,171,171,171,171,171,171,171,171,171,171,171,171,171,171,171,171,171,171,171,171,171,171,171,171,171,171,171,171,171,171,171,171,171,171,171,171,171,171,171,171,171,171,171,171,171,171,171,171,171,171,171,171,171,171,171,171,171,171,171,171,171,171,0,0,0,0,0,171,171,171,171,171,171,171,171,171,171,171,171,171,171,171,171,171,171,171,0,0,0,0,0,0,0,0,0,0,0,0,0,0,171,171,171,171,171,171,171,171,171,171,171,171,171,171,171,171

[Object Layer 1]
# Player
type=Player
location=188,1300,0,0

[Object Layer 1]
# PewShooter
type=PewShooter
location=809,1312,0,0

[Object Layer 1]
# PewShooter
type=PewShooter
location=1308,1311,0,0

[Object Layer 1]
# PewShooter
type=PewShooter
location=1928,1136,0,0

[Object Layer 1]
# PewShooter
type=PewShooter
location=3065,1321,0,0

[Object Layer 1]
# PewShooter
type=PewShooter
location=3335,1312,0,0

[Object Layer 1]
# PewShooter
type=PewShooter
location=3883,1124,0,0

[Object Layer 1]
# PewShooter
type=PewShooter
location=4116,929,0,0

[Object Layer 1]
# PewShooter
type=PewShooter
location=4866,709,0,0

[Object Layer 1]
# PewShooter
type=PewShooter
location=6004,1030,0,0

[Object Layer 1]
# PewShooter
type=PewShooter
location=6375,844,0,0

[Object Layer 1]
# PewShooter
type=PewShooter
location=7042,1047,0,0

[Object Layer 1]
# PewShooter
type=PewShooter
location=8436,1117,0,0

[Object Layer 1]
# PewShooter
type=PewShooter
location=9622,1064,0,0

[Object Layer 1]
# PewShooter
type=PewShooter
location=10090,1093,0,0

[Object Layer 1]
# PewShooter
type=PewShooter
location=10503,929,0,0

[Object Layer 1]
# PewShooter
type=PewShooter
location=10759,736,0,0

[Object Layer 1]
# PewShooter
type=PewShooter
location=11005,545,0,0

[Object Layer 1]
# PewShooter
type=PewShooter
location=11540,406,0,0

[Object Layer 1]
# PewShooter
type=PewShooter
location=11675,300,0,0

[Object Layer 1]
# PewRunner
type=PewRunner
location=11366,209,0,0

[Object Layer 1]
# PewRunner
type=PewRunner
location=10254,618,0,0

[Object Layer 1]
# PewRunner
type=PewRunner
location=9392,1084,0,0

[Object Layer 1]
# PewRunner
type=PewRunner
location=7740,1080,0,0

[Object Layer 1]
# PewRunner
type=PewRunner
location=6874,450,0,0

[Object Layer 1]
# PewRunner
type=PewRunner
location=5316,742,0,0

[Object Layer 1]
# PewRunner
type=PewRunner
location=5650,1038,0,0

[Object Layer 1]
# PewRunner
type=PewRunner
location=2360,1088,0,0

[Object Layer 1]
# PewRunner
type=PewRunner
location=2224,1052,0,0

[Object Layer 1]
# PewRunner
type=PewRunner
location=3192,1082,0,0

[Object Layer 1]
# PewRunner
type=PewRunner
location=1084,1136,0,0

[Object Layer 1]
# PewRunner
type=PewRunner
location=1400,1126,0,0

